nan
-56.3237241752
-39.5427094254
-32.3615724437
-37.9539204535
-43.4767165851
-43.7694402822
-46.5415117132
-47.7868530859
-47.0765671175
-45.0627555554
-49.8851424001
-51.5574587436
-50.7743424643
-51.9507305685
-50.8288821416
-50.8288821416
-49.68116002
-51.0300239896
-50.0570383941
-50.2015612427
-48.293476221
-46.9757224977
-46.8037011756
-46.5855281374
-45.6972272724
-45.7715274053
-49.2098732834
-51.0564995154
-52.8064145265
-53.6874209134
-54.8798376646
-54.8798376646
-55.1200187522
-55.2892929009
-55.4600899678
-56.1735764661
-57.7249591628
-58.616182063
-58.9926916855
-58.9210177392
-58.4295064523
-59.104661631
-58.8819359285
-58.2338154437
-58.4819612819
-58.3206528513
-58.5413468982
-58.5413468982
-58.5001393729
-58.9156382344
-58.6022979014
-58.6186728364
-58.9083953792
-58.6202055924
-58.2468266163
-57.9212655203
-58.0900179727
-58.6830214449
-58.7216606883
-58.7468965833
-58.9784343392
-59.7087257199
-61.0848486928
-61.0848486928
-63.5332210491
-66.4862858164
-69.710489072
-74.2539864271
-78.6450792056
-83.3061920674
-87.7747045034
-92.1718776344
-96.2569331771
-99.7873184926
-102.661364017
-104.739973856
-105.841797672
-106.454630676
-106.339807449
-106.339807449
-106.313694865
-106.450763075
-106.350277156
-106.291673175
-106.228036296
-106.028450113
-105.924379437
-105.681256942
-105.453129748
-105.210588855
-105.142700092
-105.357440514
-105.597652441
-105.620016436
-105.527180947
-105.527180947
-105.097444373
-104.459971563
-104.050278788
-103.668660102
-103.045692826
-102.676540992
-102.167311103
-101.589496089
-101.057087132
-100.705697415
-100.895059641
-101.305463613
-102.093502423
-102.322045936
-102.56727533
-102.56727533
-103.128099643
-103.497290897
-103.828132349
-104.148950829
-104.729477153
-104.637215584
-104.893181784
-105.463708314
-105.842998391
-106.70118034
-107.793410786
-108.457027261
-109.608736486
-110.207853812
-111.101730721
-111.101730721
-111.719659601
-111.7320211
-111.878533123
-112.606324546
-112.932189943
-112.51466632
-112.814398465
-113.702862499
-115.005092673
-115.788471768
-116.60347528
-116.97654246
-117.178834676
-117.163897694
-116.308322243
-116.308322243
-115.848893813
-115.856074653
-115.685070665
-115.676766989
-115.290531964
-115.397729446
-115.712383819
-115.538969503
-115.621958048
-115.964283265
-116.113662777
-116.120477421
-116.381602632
-116.302395577
-116.366333885
-116.366333885
-116.441105116
-116.787638024
-117.005017463
-117.083847768
-116.558440636
-116.557814762
-116.72966445
-116.704865594
-116.486452168
-115.733256807
-114.261025207
-112.335991983
-110.254390245
-107.262989603
-104.310396006
-104.310396006
-101.105770575
-98.0516667039
-95.2044964307
-92.4409709403
-90.0951286403
-88.3234717654
-86.795728046
-85.9456912504
-85.5376238346
-85.8338625692
-85.7688750863
-85.3304165678
-85.0571433162
-84.7619788287
-84.432984417
-84.432984417
-84.1093851793
-83.7231217811
-83.3527495552
-82.9858515069
-82.7272595743
-82.1747677716
-81.3617111615
-80.6706071712
-80.1484493866
-79.7298677752
-79.942287337
-80.5030115372
-80.9091857369
-81.0410239866
-81.5412454504
-81.5412454504
-81.5082052803
-81.9091262667
-82.2151766558
-82.5414010951
-82.6292825925
-82.5213234738
-82.400748204
-81.9869147379
-81.8416614429
-81.5022233765
-81.3160642702
-80.8051654787
-80.4993058169
-80.4683887072
-80.2787386507
-80.2787386507
-80.0460399044
-79.5615216643
-79.0775779583
-78.5307236411
-77.8503746372
-77.2321224408
-76.745149214
-75.9135586329
-75.2627101892
-74.7673315505
-74.3191746198
-74.2717011236
-74.141310461
-73.4338924709
-72.9941662676
-72.9941662676
-72.5194815966
-71.7551671846
-70.3846337489
-68.8470469562
-67.6280434921
-66.904397729
-66.5643712635
-66.3391960703
-66.1778182449
-66.3071027135
-66.5277573983
-66.1746761458
-66.4364097318
-66.6468046489
-66.552979562
-66.552979562
-66.5458188148
-66.5383512313
-66.4726910668
-66.1044648725
-65.3880368737
-64.8841496635
-64.7356669507
-64.4165617458
-64.5607602187
-64.0840631733
-64.0277370215
-63.4875772759
-63.2859095041
-63.0049205737
-62.9224151222
-62.9224151222
-62.8836369137
-62.4077638874
-62.0044089915
-61.7494835745
-61.5725509416
-61.5697005599
-61.6637179128
-61.5293092979
-61.4056816093
-61.0362354391
-60.8726555149
-60.5562458756
-59.8154053537
-58.9954672817
-58.2467058536
-58.2467058536
-57.2918133511
-56.5446205045
-55.9705319126
-55.203940229
-54.5396653169
-53.9207256067
-53.760691318
-53.3508876252
-53.4650192782
-53.2812801407
-53.3554413334
-53.1898313985
-53.0239466972
-52.9313614953
-52.674651066
-52.674651066
-52.5701065473
-52.630746165
-52.3010950755
-52.1593258613
-52.0099979973
-51.7197846191
-51.3349378336
-50.5473718925
-50.0329686621
-49.5074788332
-49.0936210458
-48.4358138591
-47.9579744981
-47.6380169433
-47.2741126264
-47.2741126264
-47.2627492892
-47.192569218
-46.9565761253
-46.5570412302
-46.7250267252
-46.2057381988
-46.2985309052
-46.2320934539
-46.0144014612
-45.6981765916
-45.2813176995
-45.0921833079
-44.9430101463
-45.1785923649
-45.0545856705
-45.0545856705
-44.7033925421
-44.1289787906
-43.7628767332
-43.6818661462
-43.6902165389
-43.6926889275
-43.7808387735
-43.6116799559
-43.7044732335
-43.621711737
-43.4616717441
-43.1660144277
-42.9497687589
-42.8756757522
-42.7778611973
-42.7778611973
-42.5036420046
-42.443880842
-42.4408022319
-42.405380082
-42.244880209
-41.9764085168
-42.2091649284
-42.2003045589
-42.1239220798
-42.0018977691
-41.7385184129
-41.5337200596
-41.5921673293
-41.7261731979
-41.6230223406
-41.6230223406
-41.5910930657
-41.3585525633
-41.3473158236
-41.0851871913
-41.1187651292
-41.2621844932
-41.5812227031
-41.7330235998
-41.6793971758
-41.6411180998
-41.4748250205
-41.6771883201
-41.8527503619
-41.8182265578
-41.7160455427
-41.7160455427
-41.3388208637
-41.0758213919
-40.9511434993
-40.8068655898
-41.015073647
-40.9647983403
-40.9630035852
-40.8297641075
-41.0615554554
-41.0331919378
-40.9424862227
-41.0835147536
-41.0021439561
-40.8383286204
-40.7226070028
-40.7226070028
-40.7302017139
-40.81132133
-40.9869695459
-40.3796866007
-40.2331179458
-40.0689164127
-39.9715780317
-39.9868827463
-39.9474988649
-39.9860927563
-40.1449086118
-39.8477740309
-39.8449873235
-39.8570825417
-39.866812661
-39.866812661
-39.4185128886
-38.9970211822
-39.0272662503
-38.8747745703
-38.6291699558
-38.8562905447
-38.9997218803
-38.9901240991
-38.7681285124
-38.6608751994
-38.1637766134
-38.0741224021
-38.162052112
-38.0844818021
-37.657367435
-37.657367435
-37.793119306
-37.4448707884
-37.0665988449
-36.8857431929
-36.7011461346
-36.9959072547
-37.1342122056
-36.9519771568
-36.609811808
-36.4297088575
-36.3138794236
-36.2785115741
-36.1344220499
-35.9569125526
-35.7404112757
-35.7404112757
-35.5943699244
-35.2314121529
-35.1219969755
-34.9929164376
-34.9565516197
-34.7966426016
-35.0004889167
-35.0046297925
-34.7275625996
-34.6661213031
-34.5391540594
-34.3080440455
-34.1499490793
-33.665220429
-33.7141880244
-33.7141880244
-33.7028899254
-33.4604195665
-33.104180846
-32.7344828093
-32.6391596576
-32.9086107788
-33.0974720015
-33.1738738308
-33.1156188226
-33.1861593532
-33.2253421568
-33.087121277
-33.0880049358
-33.1019915046
-33.1115955314
-33.1115955314
-32.7007333202
-32.2956620542
-32.0008748645
-31.7419267712
-31.7500738478
-31.5639709569
-31.3817415898
-31.0301820408
-30.7102482724
-30.4480001377
-30.5124423169
-30.4843180965
-30.5218177247
-30.625087955
-30.5535683791
-30.5535683791
-30.5690258474
-31.1015211902
-31.407379432
-31.2886808803
-31.7693523575
-32.1142381617
-31.9154484836
-31.671009974
-31.8208052358
-31.4341276347
-31.2941479308
-30.8521522918
-30.6762897191
-30.567972801
-30.3509533281
-30.3509533281
-30.0228625483
-29.862127469
-29.7244923869
-29.4763471996
-29.4956584281
-29.1705604049
-29.140773818
-29.0795211144
-28.8964307647
-28.8546210835
-28.8568463688
-28.8750583744
-28.803865534
-28.8513055532
-28.8310835591
-28.8310835591
-28.6707522588
-28.6582920468
-28.6163373836
-28.8226244493
-29.1259794153
-29.5214081815
-29.3825258851
-29.2110987083
-29.1611357214
-29.0246605832
-28.7770865799
-28.780804834
-29.0078635287
-28.8085347581
-28.9016426757
-28.9016426757
-28.6644559745
-28.5630943336
-28.7094743778
-28.5764514901
-28.5302479369
-28.3292829552
-28.3026605902
-28.3213032721
-28.3514959323
-28.2431721148
-28.1265579813
-28.0825486958
-28.0468359448
-28.1075737645
-28.1181456601
-28.1181456601
-28.408621092
-28.1434230984
-28.0916365269
-27.986973707
-27.8984316278
-27.8821159508
-27.8795094879
-27.6601038912
-27.9327056188
-28.0733545634
-28.2140130884
-28.5722512837
-28.6110426578
-28.8473950076
-29.3237832295
-29.3237832295
-29.1672213519
-28.9551710748
-28.9689227518
-29.2455893203
-29.3589074144
-29.6265972249
-30.1027323275
-30.197231863
-30.4274200892
-30.409288505
-30.4511052179
-31.0322552457
-31.139547755
-31.2165549905
-31.4790512114
-31.4790512114
-31.5521686503
-31.9107594707
-31.9443141901
-31.890897411
-32.2596199234
-32.0136149569
-31.8103674186
-31.5976792326
-31.3148798956
-30.9594722642
-30.7384752101
-29.9671108388
-29.6237222562
-29.7293548872
-29.1325938687
-29.1325938687
-28.8823129675
-28.8330782546
-28.8819175117
-28.6686806234
-28.7616701831
-28.7850963232
-28.7037959347
-28.6408922557
-28.7874895029
-28.7858517576
-29.141685586
-29.0901282821
-29.0147391009
-29.0522301572
-28.8342199303
-28.8342199303
-28.8371471347
-28.7721166759
-28.9168731022
-28.8867446771
-28.7142976181
-28.8306390429
-28.891488806
-28.8548668822
-28.9493697002
-28.9665744988
-28.8406673629
-28.7550856537
-28.7080874878
-28.5154585423
-28.151142759
-28.151142759
-27.7231834945
-27.705511167
-27.5558148388
-27.6718693196
-27.7037650635
-27.6388285144
-27.6276818071
-27.4727226553
-27.4742778777
-27.3762441614
-27.1940619689
-27.2088976959
-27.1520688179
-26.9949471915
-26.9175184201
-26.9175184201
-26.8799582639
-26.8143581958
-26.932467703
-26.791073142
-26.8788091449
-26.9011966939
-27.0863515341
-27.3029816226
-27.1149070057
-26.9789946864
-26.8649594925
-26.9417240032
-26.8904141234
-27.2835525631
-27.2114054045
-27.2114054045
-27.1451255924
-26.92225405
-26.8261580289
-26.6083605007
-26.4791676763
-26.198238643
-25.5953449783
-25.4001357151
-25.0774988514
-24.7540112078
-24.4004271017
-24.143424811
-23.6569146358
-23.3082132295
-23.0181169202
-23.0181169202
-22.6450965756
-21.9927398845
-21.7019395486
-21.2582462161
-20.9895641131
-20.8643750156
-20.2515568531
-20.2284633374
-20.0960785678
-19.7575709388
-19.5903454122
-19.0316795755
-19.0449004093
-19.0523397244
-18.7482770476
-18.7482770476
-19.0376536267
-18.9746154875
-18.9078389548
-18.8451425051
-19.1095832436
-18.9510788069
-18.9959945496
-19.1453699906
-18.9174562861
-18.8570015497
-18.7448804617
-18.7449559718
-18.7306751616
-18.8189431128
-18.9053804303
-18.9053804303
-18.8587901692
-18.9753169983
-18.8738446154
-18.7704948905
-18.7128601832
-18.2941139686
-18.2683211832
-18.5957678267
-18.5871747714
-18.5456529437
-18.5350453374
-18.6636178108
-18.6184910071
-18.4667161568
-18.633958433
-18.633958433
-18.511184504
-18.4641133777
-18.3488990376
-18.3715868434
-18.3115632131
-18.2971539327
-18.0417605914
-18.0274975989
-17.8802706131
-17.7727567191
-17.8831802246
-17.8150044406
-17.8686652784
-17.7701912084
-17.7512738261
-17.7512738261
-17.7608036802
-17.6992661021
-17.6267758414
-17.6505269756
-17.6506360894
-17.6856968443
-17.4342672855
-17.410425566
-17.55293059
-17.535194772
-17.5823643307
-17.6190524391
-17.436857419
-17.5319194896
-17.3663611884
-17.3663611884
-17.4393451046
-17.2991970157
-17.196713314
-17.2243083357
-17.2425646223
-17.1924498962
-17.2381718881
-17.2488150643
-16.8984977534
-16.8633827534
-16.932108676
-16.9436245132
-16.9927927858
-16.9463097169
-16.8251808563
-16.8251808563
-16.7504797085
-16.7215523113
-16.7767669217
-16.8805795574
-16.6689976011
-16.7006789445
-16.6825987392
-16.6637874341
-16.7655074793
-16.834711391
-16.963031301
-16.9871364935
-16.9335912932
-16.8087903711
-16.8479429869
