-2.5518355624
-2.1619383686
-2.63245501302
-2.94706076897
-3.20282510855
-3.39712261143
-3.54969705098
-4.32458422231
-3.71380818375
-3.54933273332
-3.98952187375
-4.1184186606
-4.16783888634
-4.41419541261
-4.25609928215
-3.34699043643
-1.74312185574
-1.5155102784
-1.62589270239
-1.64617998219
-1.67148099515
-0.82907881616
-0.288924817485
-0.354125762857
-0.327100985118
-0.764500501578
-0.362926820888
-0.595941673684
-0.327452210422
-0.56286469663
-0.724868795836
-1.10388850805
-2.03264617404
-0.994171179845
-0.777800110074
-0.248487468584
-0.226976609416
-0.435685776767
-0.305174944766
-0.606332627187
-0.666394289501
-0.764991234474
-1.61141049598
-1.67579006018
-1.19998806784
-1.49645349924
-1.71858650019
-1.21512621121
-1.30256116654
-2.6889065553
-2.2979488472
-3.07575956745
-4.07136829696
-4.0219929834
-3.63387899001
-3.70180192335
-3.75302231213
-4.15805432372
-4.08273386159
-3.99183459449
-4.27959615825
-4.43690333929
-4.36145668032
-3.9351258692
-1.79118115368
-1.82155307451
-1.94997785389
-2.06800380005
-2.34686499954
-2.5546148683
-2.0275630657
-1.66221114874
-3.79531248475
-3.65184529544
-4.95190854089
-5.50595193277
-7.37161697821
-6.76296020633
-6.01475132921
-6.06779711583
-1.33362442502
-1.72582272889
-1.78327699459
-1.2707859443
-1.76484301336
-2.47945929332
-1.92410001063
-2.34453426235
-2.15124221799
-3.49597994716
-3.67751735597
-3.72551853586
-2.64480798535
-3.99765273037
-4.24644745076
-4.75057271255
-1.46840772108
-0.751156777919
-1.26139802653
-1.86023748299
-2.05241640368
-3.40247617618
-4.3480809033
-3.85002683441
-3.13265815405
-2.50266574948
-3.60701365341
-5.67758236858
-5.28372251693
-5.57878769705
-5.1054954746
-4.68593999461
-1.19860663906
-1.37451515223
-2.07117117628
-2.86642708729
-2.61554985104
-3.05447199556
-3.33261795946
-3.54219980313
-4.24339875829
-4.49410766958
-4.76171686797
-5.38559781341
-5.37667610278
-5.83248228398
-5.34061908025
-5.12653449655
-1.39166884607
-1.13934560433
-1.51558650971
-1.70020572892
-1.68583196729
-2.3029347305
-2.80532510291
-2.90432065089
-3.13551388501
-3.17533555619
-3.54102500142
-4.78960843948
-4.6541149281
-4.07445445422
-4.42906245062
-4.58159137563
-1.50387737251
-0.635771536177
-1.70806502303
-2.12443596432
-2.77513064692
-2.45547636837
-1.85088088399
-1.98081137677
-1.76189103607
-1.85243464265
-2.04566929036
-1.75248815218
-1.82250744822
-1.46269563865
-1.70500943646
-1.83844884519
-2.9573942334
-3.43615067407
-4.62019178572
-5.71132427782
-5.12329769162
-5.38401795031
-6.10913797918
-5.85699446698
-5.8762104559
-6.26785984989
-6.31067329513
-7.14240171166
-6.68630630717
-6.6567516175
-6.77656402512
-7.16962273157
-1.70877606861
-3.39522731247
-2.82628923111
-2.49258750858
-3.86609317969
-4.90509357674
-4.50176763818
-5.29292210875
-4.82194008591
-5.49697827785
-5.3314865214
-5.70876707927
-5.33998093075
-5.48650316177
-5.09622564681
-5.39990757056
-1.14454516438
-2.34289278957
-2.02260911915
-2.52847278933
-2.34329717936
-3.15641531913
-3.56748706217
-3.85515724055
-3.24525326728
-3.47010268378
-3.24832525854
-2.32262066455
-2.48001448081
-3.02735041809
-2.9857593056
-3.90242806182
-2.21993750362
-2.37664305071
-2.37826671714
-1.42231854558
-2.0097834468
-3.0450709962
-3.7713983064
-4.51349590972
-4.43365356752
-4.57648390916
-5.05569566544
-5.17536198212
-4.86426708612
-5.02480810183
-5.43251579592
-5.07919458524
-1.08682333505
-1.45045618511
-1.00071683855
-1.65335472118
-2.75081313324
-2.6571562808
-3.1051150794
-3.3604537992
-2.80120886807
-3.19040436347
-2.88577486895
-2.85449640754
-1.85054138103
-1.49716319849
-1.44644644402
-2.36904411578
-1.77671975838
-1.67172753716
-1.21221851673
-1.51843165722
-1.86010635084
-0.840744938174
-0.969860209146
-1.69100793905
-3.36518493036
-3.21373274869
-3.63195405637
-3.91220853826
-4.36546535244
-3.79393368051
-3.9114479143
-3.9204801415
-2.97254046579
-3.23702470264
-3.45456975494
-3.34099499224
-2.54372954181
-2.51044740848
-3.47886665893
-4.1776861584
-4.66268727987
-4.48180250336
-5.26892594831
-5.01881858185
-5.81188487755
-5.64489929968
-6.92607973394
-7.29633432981
-2.34500416003
-2.72303616269
-2.06755596673
-2.58195729531
-3.16198139436
-3.57403171591
-2.76057034485
-2.05433295447
-2.24027039442
-2.24394267041
-2.35756507729
-2.62422940828
-2.74069103339
-2.49115625968
-2.42092949092
-2.96978425212
-2.38813699624
-2.16318203473
-1.97541149384
-2.29422086595
-2.72263741271
-3.96882216444
-4.39095631713
-4.92204434792
-4.93273639041
-5.16969380534
-5.74620568938
-5.07253358619
-4.55340062675
-4.08173108918
-4.03145125518
-4.59301780669
-1.06012195085
-1.03426442245
-1.57185431757
-1.35131141428
-1.72248474381
-1.73704216496
-1.89346352984
-2.17345770477
-2.31599624288
-2.51517557964
-2.49921366596
-2.4329073516
-2.38002891662
-2.50743168887
-3.02496545212
-3.30989300412
-1.39967572737
-1.52179460025
-1.36321935219
-1.42515813975
-1.66804155519
-2.15299584436
-0.96375934833
-1.24772661209
-1.63157401612
-1.63156070183
-1.78132389209
-2.41932224937
-2.52493441616
-2.78990732727
-2.45496595886
-1.20928649558
-1.45752440107
-1.37810066055
-1.35264727963
-1.89614744076
-2.21515613691
-2.88834484346
-3.55822734843
-3.24492808071
-3.64421294249
-3.80021629102
-3.56420466069
-3.59147928226
-4.63778846844
-5.43375015723
-4.57242377048
-5.86529110473
-1.26457265278
-1.65576637078
-2.35489786665
-2.32990716904
-2.91653304398
-3.24275216807
-3.34591841589
-3.63036680925
-3.71435412838
-3.75774622576
-3.91429367001
-3.59658512039
-2.93824647727
-4.10849429919
-4.32080829327
-3.98647394672
-1.7839422187
-1.50450196828
-2.62070128431
-2.37454369346
-2.14486593306
-1.27256166493
-0.823480534135
-0.71827756595
-0.984150579073
-1.54554329767
-1.64879214718
-2.09580940551
-1.30388194948
-1.08084465797
-1.67762396366
-2.54486690139
-1.20555078504
-1.66948459215
-1.49373575605
-1.23207726813
-1.81799678693
-1.95024580697
-2.04377763105
-2.3313044174
-2.84465588187
-2.44579848068
-2.1287914083
-2.56806960626
-2.58346290385
-3.06352937512
-4.28912117806
-4.30338626093
-3.00859749309
-3.67521143658
-5.20933462551
-5.34285544415
-7.2798138696
-7.86135525737
-7.60088539046
-9.16267291486
-9.425144934
-9.52993098069
-10.0421821984
-10.0525075902
-10.6971918675
-11.1567102901
-11.980666633
-12.1742321161
-1.7200985938
-3.33426979944
-4.93863476343
-5.3662704208
-5.31094426378
-4.61482648092
-4.28834151765
-4.57607327126
-5.89685364225
-6.79484109545
-5.64539999097
-6.1578910612
-6.40221488585
-6.18571515567
-6.57237425124
-7.25799364435
-2.7806628625
-3.18761245534
-4.54317425748
-4.38337514579
-5.1839433034
-5.04450504237
-4.59971777544
-5.93678600781
-6.49899963311
-6.65270353113
-7.00811911516
-8.15993642865
-7.0966849972
-7.18409828886
-7.37478081526
-7.60599705013
-1.9527648519
-2.19728409376
-3.61141760449
-4.23697264026
-3.74570348851
-3.58670113479
-4.10435834287
-4.13483790735
-4.79162440478
-5.73681239109
-5.71419815575
-6.93499072596
-6.96670564875
-6.72476053668
-7.06330385096
-7.26045546859
-1.19921502395
-1.14379988782
-3.25307774476
-3.67237648202
-3.61128066128
-4.37167657869
-5.4139800328
-6.81215326092
-6.51629990061
-8.11983859827
-9.05125885152
-10.2632232569
-11.3299581351
-11.7507253276
-12.4744846638
-12.9613798729
-2.28146448143
-2.69685825117
-3.19080703277
-3.58649407595
-3.92214898756
-3.77147948852
-3.56782119301
-3.95926173991
-3.88557435418
-5.26648278068
-6.50304338006
-6.50978729899
-7.31961815667
-7.98915507351
-7.93119023995
-7.81026686811
-1.57021725669
-2.07321252564
-1.79059438389
-1.73621102187
-2.21318784102
-2.57908203137
-4.01817260269
-3.74544816888
-4.32383386419
-4.96299675951
-4.62558912384
-3.81940529628
-4.43492733086
-5.93727735292
-5.92382549044
-6.01038736972
-1.48812428756
-1.93123649775
-2.45010041275
-3.02258397636
-3.55422669135
-3.60271403301
-3.37697278999
-3.25251701442
-3.29447431975
-3.60353047104
-4.32546370253
-4.77486084792
-5.29811855952
-5.25037297178
-4.86322889934
-4.44403775142
-1.5501375245
-1.56814816895
-2.20141640703
-2.39415839513
-2.88584441719
-2.60095957037
-3.74226154976
-4.28835037488
-3.53946797106
-3.61426094004
-3.87953712119
-4.07968901307
-3.94586268127
-3.96252788386
-4.48163624879
-4.44429312415
-2.26261800068
-2.56436665745
-2.56732654466
-3.62169428478
-3.95875163525
-4.26288118097
-5.63289166457
-6.43016825149
-6.692562954
-6.79451978115
-6.49409953963
-6.7027146592
-7.44862437661
-7.03899743548
-7.78147462234
-8.20653395397
-1.19286057296
-1.55620530573
-2.05233886999
-1.77106345289
-2.64753299707
-2.74957491332
-3.37244760574
-3.13012957208
-3.52504690374
-4.06983202644
-3.54668540184
-4.39000920245
-5.13886243642
-4.98082113614
-5.44646954951
-5.64944307244
-1.6670852673
-1.75842196902
-2.55708685363
-2.96310807155
-2.39936580364
-2.54574295775
-2.72068608523
-2.79759379032
-2.05160043623
-2.35883573661
-2.01853529405
-1.2479847775
-1.50261281333
-1.57480287779
-2.29484032903
-3.67386660278
-1.71210302852
-1.21156888322
-1.13807432118
-1.30049923501
-2.09404813734
-2.28301866433
-2.24590178187
-3.43999292123
-3.51058865064
-3.24659881565
-3.5804784571
-3.46979678116
-3.87290297384
-2.74216835306
-3.58460942645
-3.38705039918
-2.06506433992
-2.4990680277
-2.6265854814
-2.51742228576
-1.44058553066
-0.887791708962
-1.17116899958
-1.71849518768
-1.86176487117
-1.6211664101
-2.17507611186
-1.79473514389
-1.64254140553
-2.00880169692
-1.84619619083
-3.12537398287
-2.22655635931
-2.41090827901
-3.40652012125
-3.1072478763
-3.63495656542
-2.95811793688
-4.10058483278
-5.10967550434
-3.30657575417
-3.9382031869
-5.39804010553
-5.2881962631
-5.52998969732
-6.38971877073
-6.99751162815
-6.15642758043
-1.03145782948
-1.4918890525
-1.57434957776
-1.80240533351
-1.99113161258
-1.85501051991
-2.39143869224
-3.05377060169
-3.37139321129
-3.5757342578
-3.35416059962
-3.56757798747
-4.46810356601
-4.35119590963
-3.98401807554
-3.92640686535
-1.96894049079
-1.99046077784
-1.71194671177
-1.85416672373
-2.14945196244
-2.55672572341
-2.91382650419
-2.52572232926
-2.24138213895
-2.74440946748
-2.01451236538
-1.65248251143
-1.32059426391
-1.49968343328
-1.73512522442
-2.19590174415
-1.58288293355
-2.09752497193
-2.7005348972
-4.22786555707
-3.81751553385
-3.77905608891
-3.48254972728
-3.99982075472
-3.55866968135
-3.13929265815
-2.55972313032
-2.9871252648
-3.34888633909
-3.44793457686
-2.76524873158
-2.74770271556
-1.24234764182
-1.19013614749
-1.20985410205
-1.58417141611
-1.24414354261
-2.13077838128
-2.0615088179
-1.65117996751
-1.27619367713
-2.10469593844
-2.3862479499
-2.39424797992
-2.51859006272
-2.76812988851
-3.26309006639
-2.82440739019
-2.90978348183
-3.36489158911
-2.91321420226
-3.24485431913
-3.75723253038
-3.52437957257
-4.39934727362
-3.71034306713
-3.68346257005
-4.09552367467
-3.57145335117
-4.91542894443
-5.8077219021
-5.99568906643
-7.45983327136
-7.37832548914
-1.59197556104
-0.729740870337
-1.37893703174
-1.62034760957
-2.28071563373
-2.26548995496
-3.52125072521
-3.56896132178
-3.67318000678
-3.48054420597
-3.53256595444
-4.54585569548
-5.24219366318
-5.30153059812
-5.80563892307
-6.98477763388
-2.23520955588
-3.00365815573
-3.54101440039
-4.04707642496
-3.97650837396
-4.3653170878
-4.08168050364
-2.81760159629
-3.10990427292
-3.58918126747
-3.60763818602
-3.66204760177
-3.79866804067
-4.08506552551
-3.5404820145
-4.65270057014
-2.08096365503
-2.56627078015
-1.94875296837
-2.03479193099
-1.48665487596
-1.4010407552
-2.19872350669
-2.06452811871
-2.1726276589
-2.67366796161
-3.03111578341
-2.80493311079
-2.90819893855
-2.42356288012
-2.74515768713
-2.35378905299
-1.93334205961
-2.19023716954
-2.60451341347
-3.08533449224
-3.23562542737
-3.44904399199
-3.78529158907
-3.80567344549
-4.27536427664
-4.53693709543
-4.36905240435
-4.46425418758
-4.10679135336
-4.96176220171
-4.17594142411
-4.32497513318
-0.910977553143
-2.40541566403
-2.74230345313
-2.81798668961
-3.03171503444
-3.38821329782
-3.58954747452
-2.75617071361
-3.37123971954
-4.34655410286
-4.61531064783
-4.85967373592
-4.77862852515
-4.24259768905
-4.13240796927
-4.24134473874
-1.77719235429
-1.67623460931
-1.71617039971
-1.63572852281
-1.67392851043
-2.00785941023
-2.63352064871
-3.38848335245
-3.57840653826
-3.03177321177
-2.98969272724
-3.31560981859
-4.03121226459
-3.48241517991
-2.59662417648
-2.35671180449
-1.37170788606
-1.56325914633
-1.17998293846
-1.27229202427
-1.55423128864
-1.88479798391
-1.50999227558
-1.04072125133
-1.05232925
-1.24156090478
-1.37626188995
-2.18452955129
-2.57917105529
-2.34475091021
-2.62006674181
-2.19924197212
-1.49410088325
-1.48141628019
-1.63630058935
-1.00051039592
-1.56112054113
-1.76807552245
-2.15702142572
-3.07843530891
-2.30847940629
-1.61642028921
-1.45007543205
-1.33321192826
-1.82683683428
-1.4991362241
-1.37988563921
-2.05235491922
-1.48663865089
-2.30892986664
-2.18851564762
-2.38139387222
-2.33140430294
-2.29451283225
-2.48802338343
-2.70913805738
-3.37816350553
-3.86300360676
-3.43403695901
-3.27917171362
-3.27408235529
-3.5277770697
-4.5483631547
-5.42372263165
-2.09409342896
-2.69124798677
-3.61727370792
-3.97522725785
-4.12777631991
-3.6957942632
-3.89006731634
-4.29817508252
-3.97050881974
-3.99819267456
-4.22171112553
-4.84074241805
-4.58093066374
-5.58516578784
-4.17490872791
-4.56033434462
-2.14730027427
-2.1581443366
-2.53543277673
-2.49056184308
-2.99878967694
-3.22455264367
-3.6015021972
-4.16731486414
-4.52307188629
-4.45393026864
-4.46504274009
-4.62904018993
-4.60003308376
-4.67476567463
-4.31056931323
-4.449310587
-1.87293345061
-2.35806248097
-1.88483230103
-2.6096065107
-3.37777680408
-3.37458113925
-3.24324309198
-2.98334662866
-2.44973218069
-2.08358608507
-1.87265892057
-1.88659519248
-1.81567655208
-2.18920939382
-2.73704187334
-3.67804476973
-3.10298856572
-3.18635463311
-4.146142383
-3.86402446316
-3.6037984791
-3.94535173414
-4.5818151064
-4.61147415296
-4.34016330036
-3.48107326848
-4.12415296421
-3.71639851365
-3.66523742111
-3.5991269949
-3.23672450689
-2.41227485121
-2.14749008523
-2.54497216165
-2.90928581427
-3.25394931196
-2.89854472692
-2.61699813352
-2.28697950507
-3.3744242154
-3.25558161551
-4.46344402879
-4.67811546728
-5.92265008099
-6.88635778397
-6.41129062992
-6.80599760081
-6.14803887403
-1.75961991492
-2.56616298895
-1.83389357049
-2.79342620923
-2.96840186032
-2.87583774809
-2.3578189186
-2.48213560254
-3.03836440252
-2.84400342588
-3.58727598751
-3.43984637499
-2.82591632936
-3.04334944123
-3.03970704755
-2.49656985386
-1.32065207971
-1.64292383856
-1.51494401972
-2.25730078826
-2.53313987966
-2.69657699098
-2.91180703179
-2.81204239722
-2.85562002127
-3.82255957919
-4.0962395612
-3.70603045495
-4.84741008089
-4.40412524525
-4.19861874215
-4.20065349547
-1.88186676093
-3.04620357718
-3.89531835599
-3.51651164374
-3.15220693194
-3.39099242786
-4.2129031005
-4.54922305879
-4.08767202208
-4.12082171002
-4.94392884283
-5.13166734965
-5.26265877446
-4.36112939368
-5.19507383184
-5.06395424943
-1.73009242947
-2.06236048167
-2.52863529954
-2.67852813554
-2.2842742445
-2.15047789069
-2.43579780998
-2.73837225684
-1.81459600587
-1.55210697999
-1.51511605226
-1.9731146602
-1.74141564866
-2.02414538581
-2.26778100154
-1.72935834492
-1.65934109813
-2.30657019814
-1.94174170183
-2.60850165381
-2.96081329032
-2.67255841549
-3.28112573006
-3.25165467634
-2.34839538741
-3.05895914795
-2.53791005794
-3.59750097168
